| index              | Age    | IncomePovertyRatio | BMI    | Weight | Height | WaistCircumference | EnergyKcal | ProteinG | CarbohydrateG | SugarG | TotalFatG | FiberG | SodiumMg | SystolicBP | DiastolicBP | HDL    | FastingGlucose |
| ------------------ | ------ | ------------------ | ------ | ------ | ------ | ------------------ | ---------- | -------- | ------------- | ------ | --------- | ------ | -------- | ---------- | ----------- | ------ | -------------- |
| Age                | 1      | 0.085              | -0.01  | -0.052 | -0.105 | 0.154              | -0.12      | -0.092   | -0.093        | -0.06  | -0.084    | 0.015  | -0.139   | 0.466      | 0.025       | 0.085  | 0.249          |
| IncomePovertyRatio | 0.085  | 1                  | -0.081 | -0.026 | 0.096  | -0.069             | 0.067      | 0.124    | -0.007        | -0.061 | 0.074     | 0.112  | 0.101    | -0.041     | 0.026       | 0.11   | -0.015         |
| BMI                | -0.01  | -0.081             | 1      | 0.89   | -0.038 | 0.906              | -0.016     | -0.026   | -0.019        | -0.006 | 0.026     | -0.076 | -0       | 0.128      | 0.108       | -0.301 | 0.203          |
| Weight             | -0.052 | -0.026             | 0.89   | 1      | 0.41   | 0.9                | 0.125      | 0.106    | 0.072         | 0.055  | 0.152     | -0.032 | 0.124    | 0.107      | 0.17        | -0.359 | 0.185          |
| Height             | -0.105 | 0.096              | -0.038 | 0.41   | 1      | 0.159              | 0.325      | 0.298    | 0.215         | 0.147  | 0.292     | 0.087  | 0.285    | -0.027     | 0.148       | -0.189 | 0.005          |
| WaistCircumference | 0.154  | -0.069             | 0.906  | 0.9    | 0.159  | 1                  | 0.018      | -0.005   | 0.008         | 0.015  | 0.057     | -0.064 | 0.015    | 0.202      | 0.144       | -0.356 | 0.256          |
| EnergyKcal         | -0.12  | 0.067              | -0.016 | 0.125  | 0.325  | 0.018              | 1          | 0.764    | 0.853         | 0.642  | 0.864     | 0.478  | 0.779    | -0.08      | 0.059       | -0.082 | -0.045         |
| ProteinG           | -0.092 | 0.124              | -0.026 | 0.106  | 0.298  | -0.005             | 0.764      | 1        | 0.493         | 0.269  | 0.698     | 0.414  | 0.768    | -0.077     | 0.022       | -0.054 | 0.009          |
| CarbohydrateG      | -0.093 | -0.007             | -0.019 | 0.072  | 0.215  | 0.008              | 0.853      | 0.493    | 1             | 0.832  | 0.581     | 0.537  | 0.587    | -0.055     | 0.072       | -0.134 | -0.041         |
| SugarG             | -0.06  | -0.061             | -0.006 | 0.055  | 0.147  | 0.015              | 0.642      | 0.269    | 0.832         | 1      | 0.399     | 0.231  | 0.301    | -0.04      | 0.05        | -0.119 | -0.046         |
| TotalFatG          | -0.084 | 0.074              | 0.026  | 0.152  | 0.292  | 0.057              | 0.864      | 0.698    | 0.581         | 0.399  | 1         | 0.366  | 0.744    | -0.088     | 0.027       | -0.046 | -0.023         |
| FiberG             | 0.015  | 0.112              | -0.076 | -0.032 | 0.087  | -0.064             | 0.478      | 0.414    | 0.537         | 0.231  | 0.366     | 1      | 0.408    | -0.039     | 0.038       | 0.004  | 0.039          |
| SodiumMg           | -0.139 | 0.101              | -0     | 0.124  | 0.285  | 0.015              | 0.779      | 0.768    | 0.587         | 0.301  | 0.744     | 0.408  | 1        | -0.069     | 0.043       | -0.077 | -0.026         |
| SystolicBP         | 0.466  | -0.041             | 0.128  | 0.107  | -0.027 | 0.202              | -0.08      | -0.077   | -0.055        | -0.04  | -0.088    | -0.039 | -0.069   | 1          | 0.453       | -0.014 | 0.162          |
| DiastolicBP        | 0.025  | 0.026              | 0.108  | 0.17   | 0.148  | 0.144              | 0.059      | 0.022    | 0.072         | 0.05   | 0.027     | 0.038  | 0.043    | 0.453      | 1           | -0.101 | 0.054          |
| HDL                | 0.085  | 0.11               | -0.301 | -0.359 | -0.189 | -0.356             | -0.082     | -0.054   | -0.134        | -0.119 | -0.046    | 0.004  | -0.077   | -0.014     | -0.101      | 1      | -0.205         |
| FastingGlucose     | 0.249  | -0.015             | 0.203  | 0.185  | 0.005  | 0.256              | -0.045     | 0.009    | -0.041        | -0.046 | -0.023    | 0.039  | -0.026   | 0.162      | 0.054       | -0.205 | 1              |
